data/NoiseGrid.txt
ncols         200
nrows         200
xllcorner     50.000000
yllcorner     50.000000
cellsize      100
NODATA_value  -9999
[rows 30 to 59 of 200, columns 0 to 66 of 200]
0 0.17288 0.47355 0.16315 0.098888 0.77162 0.017636 0.67742 0.88321 0.58276 0.35494 0.64254 0.26586 0.48759 0.037242 0.96291 0.96868 0.098956 0.55702 0.53544 0.29172 0.85666 0.17673 0.76921 0.10745 0.92707 0.6201 0.99346 0.43149 0.97321 0.34109 0.30375 0.84105 0.54382 0.10902 0.66273 0.53198 0.11579 0.79475 0.52423 0.8617 0.51056 0.78414 0.37519 0.051704 0.48684 0.31169 0.49051 0.2911 0.61757 0.76272 0.58741 0.26683 0.22959 0.83017 0.82856 0.3604 0.42399 0.34816 0.56891 0.35931 0.41338 0.33587 0.39523 0.9832 0.54172 0.91963
0 0.29898 0.82641 0.0083674 0.5415 0.33382 0.54942 0.93409 0.83473 0.097274 0.84582 0.13916 0.65153 0.73195 0.68168 0.4661 0.6956 0.1368 0.43023 0.52822 0.57667 0.23725 0.3389 0.66777 0.66753 0.65325 0.90512 0.17087 0.10223 0.82272 0.23997 0.70791 0.08208 0.36681 0.40761 0.56058 0.8722 0.38021 0.66181 0.37484 0.70737 0.147 0.45912 0.27644 0.72572 0.043181 0.73062 0.2055 0.83107 0.68631 0.60115 0.51915 0.82657 0.37979 0.74794 0.60414 0.46566 0.58829 0.086481 0.30596 0.62066 0.48563 0.50026 0.69421 0.58152 0.086853 0.3455
0 0.44915 0.48681 0.28318 0.58238 0.72701 0.65108 0.97067 0.60582 0.047489 0.38483 0.49431 0.44409 0.23215 0.56806 0.17113 0.77708 0.22264 0.18222 0.1764 0.064297 0.47231 0.24408 0.32295 0.915 0.22314 0.76288 0.039409 0.43429 0.52646 0.10548 0.40345 0.78123 0.081228 0.84363 0.60172 0.23565 0.20654 0.52117 0.28168 0.72573 0.070528 0.87042 0.92868 0.71689 0.77478 0.25452 0.68201 0.84577 0.78344 0.088304 0.43838 0.32265 0.25089 0.87994 0.026968 0.38758 0.93908 0.051621 0.82186 0.74144 0.41907 0.38826 0.76461 0.92428 0.13317 0.65664
0 0.51977 0.21694 0.050821 0.80274 0.31304 0.34866 0.52345 0.90818 0.40801 0.19848 0.93189 0.7299 0.11752 0.55405 0.53578 0.33575 0.61214 0.48246 0.47465 0.53421 0.21584 0.95777 0.62102 0.083312 0.78876 0.10957 0.23766 0.66182 0.50056 0.73073 0.5712 0.57044 0.11386 0.53915 0.18863 0.13278 0.99219 0.7898 0.86236 0.4112 0.47919 0.1456 0.92099 0.59469 0.17648 0.75748 0.039998 0.42065 0.59018 0.46255 0.18073 0.40299 0.063361 0.32796 0.73585 0.13342 0.86479 0.4614 0.63125 0.23297 0.22889 0.24084 0.28628 0.67985 0.31418 0.37258
0 0.061414 0.133 0.38722 0.91787 0.79627 0.12801 0.51521 0.65752 0.65619 0.76068 0.90686 0.4023 0.66931 0.36783 0.66337 0.33379 0.71896 0.73118 0.20838 0.058766 0.026469 0.99134 0.51959 0.73504 0.21099 0.7995 0.31701 0.45169 0.50921 0.69113 0.24177 0.046234 0.89795 0.96462 0.21887 0.91867 0.67917 0.82669 0.20632 0.31769 0.88752 0.1288 0.72328 0.93213 0.16429 0.53883 0.47561 0.98001 0.64494 0.41336 0.70036 0.65521 0.24332 0.21963 0.22776 0.050838 0.85995 0.73457 0.10741 0.55374 0.97717 0.22818 0.72038 0.84483 0.5003 0.4595
0 0.46857 0.36597 0.17296 0.68824 0.6417 0.25944 0.54754 0.38589 0.072037 0.69592 0.62781 0.34249 0.88014 0.38422 0.46251 0.45936 0.27747 0.71811 0.1464 0.19543 0.024392 0.98798 0.48983 0.083233 0.54006 0.24821 0.30178 0.34414 0.25765 0.52774 0.7812 0.26401 0.41459 0.97557 0.44697 0.95395 0.86688 0.40259 0.95959 0.63768 0.67495 0.81187 0.86675 0.99457 0.87134 0.31923 0.96218 0.01428 0.44845 0.57898 0.0041807 0.10137 0.19259 0.10807 0.80531 0.61598 0.50565 0.15054 0.66619 0.70168 0.7838 0.91039 0.79235 0.95391 0.43659 0.13599
0 0.34281 0.31817 0.3816 0.96211 0.18999 0.73588 0.94857 0.47268 0.39922 0.94352 0.5121 0.56782 0.34118 0.34622 0.1067 0.078369 0.22725 0.64114 0.39027 0.5834 0.54903 0.35921 0.55864 0.2024 0.62086 0.26312 0.3829 0.97999 0.48419 0.73031 0.43362 0.079585 0.090635 0.8709 0.74243 0.60808 0.76593 0.029074 0.81923 0.016117 0.72016 0.15249 0.95926 0.99325 0.78777 0.42908 0.54336 0.60086 0.7969 0.46166 0.86929 0.08609 0.78987 0.24532 0.042656 0.80085 0.71283 0.25863 0.080434 0.7135 0.053778 0.81959 0.99781 0.85595 0.27111 0.16538
0 0.62419 0.69956 0.4415 0.68029 0.53791 0.064205 0.19593 0.071861 0.58582 0.46673 0.91166 0.15527 0.93347 0.006017 0.62835 0.93933 0.85086 0.94515 0.53829 0.34169 0.62282 0.5953 0.14615 0.89044 0.43921 0.49823 0.15796 0.38953 0.45761 0.41757 0.69985 0.080737 0.61521 0.24741 0.10203 0.60422 0.45052 0.58978 0.037211 0.86331 0.70475 0.735 0.42012 0.98776 0.3664 0.15925 0.94954 0.44883 0.50315 0.21623 0.54629 0.76149 0.1113 0.86096 0.74199 0.65737 0.93244 0.28734 0.017057 0.62582 0.48039 0.90974 0.36308 0.50177 0.79 0.36639
0 0.4854 0.48503 0.57073 0.69107 0.81454 0.73825 0.010076 0.86599 0.41024 0.49455 0.66762 0.81524 0.91397 0.27592 0.83963 0.58607 0.41358 0.16195 0.12 0.94929 0.58089 0.9786 0.06192 0.21528 0.21552 0.64767 0.18541 0.47097 0.021976 0.41529 0.15122 0.0067178 0.38222 0.61514 0.56045 0.063383 0.71301 0.14373 0.82686 0.64593 0.079216 0.29847 0.18074 0.29121 0.95296 0.66476 0.53572 0.28166 0.39849 0.81782 0.84955 0.71071 0.24766 0.29828 0.11708 0.0088635 0.5104 0.87969 0.83382 0.74862 0.60697 0.55447 0.27449 0.098646 0.83166 0.033091
0 0.87418 0.63963 0.43459 0.1137 0.10548 0.55662 0.74641 0.74052 0.72362 0.17761 0.70708 0.39926 0.76221 0.12283 0.37213 0.52522 0.23735 0.065145 0.91954 0.47142 0.63329 0.21986 0.38347 0.60703 0.33496 0.44532 0.37098 0.1224 0.67085 0.32958 0.84561 0.93558 0.012714 0.80237 0.64916 0.084402 0.13036 0.86373 0.66657 0.47997 0.78011 0.17099 0.66862 0.031458 0.63761 0.83898 0.026504 0.43339 0.66193 0.71921 0.43426 0.81727 0.39887 0.81087 0.074411 0.040817 0.19409 0.93112 0.26157 0.26315 0.044348 0.93865 0.053834 0.86543 0.61782 0.42319
0 0.50432 0.55184 0.037958 0.34417 0.49965 0.69143 0.90182 0.84782 0.92168 0.27024 0.81348 0.36373 0.2084 0.87558 0.03779 0.69215 0.6085 0.21916 0.37771 0.90468 0.88705 0.71649 0.41167 0.65037 0.17739 0.7339 0.22284 0.77793 0.543 0.38593 0.34199 0.8831 0.60224 0.47049 0.88187 0.69706 0.37206 0.60352 0.45424 0.54718 0.15253 0.24364 0.12957 0.45827 0.012999 0.71792 0.84476 0.39339 0.80805 0.64775 0.65825 0.86354 0.070929 0.40933 0.59881 0.52198 0.31229 0.98138 0.016186 0.36099 0.49994 0.84357 0.81064 0.42044 0.18925 0.85995
0 0.32104 0.17476 0.40389 0.18942 0.88501 0.44746 0.2383 0.30403 0.8774 0.39405 0.81563 0.59107 0.18013 0.95534 0.51445 0.23481 0.52 0.40509 0.66722 0.82543 0.85428 0.90771 0.75969 0.34246 0.80616 0.37024 0.89685 0.84205 0.95629 0.86088 0.42604 0.18101 0.044103 0.34601 0.61071 0.73743 0.71672 0.35914 0.98982 0.97109 0.021454 0.85761 0.60381 0.74916 0.45992 0.97661 0.71025 0.29042 0.95981 0.40243 0.30034 0.095928 0.99265 0.64256 0.78214 0.92391 0.28648 0.58178 0.9887 0.90087 0.55217 0.67492 0.28095 0.42053 0.94535 0.9421
0 0.76403 0.21635 0.38496 0.53468 0.91767 0.29058 0.31914 0.97019 0.7156 0.26736 0.48372 0.47082 0.63742 0.22959 0.35236 0.63398 0.79216 0.59472 0.74233 0.89844 0.52171 0.12113 0.65832 0.67002 0.18291 0.45486 0.3713 0.073022 0.99291 0.48524 0.86303 0.22703 0.81392 0.46012 0.73751 0.12347 0.60345 0.083905 0.1042 0.33881 0.94628 0.12282 0.67423 0.70377 0.087789 0.63073 0.87514 0.77397 0.042974 0.31445 0.72616 0.71167 0.093977 0.81477 0.70536 0.55736 0.47048 0.41014 0.41069 0.16289 0.13084 0.48962 0.33402 0.48481 0.21334 0.17226
0 0.29519 0.32118 0.69563 0.62634 0.67684 0.84035 0.289 0.26097 0.45479 0.63585 0.62922 0.36527 0.007614 0.35388 0.12127 0.75694 0.92808 0.79917 0.82112 0.14432 0.35079 0.73143 0.52477 0.51623 0.65621 0.98045 0.17597 0.91461 0.37953 0.47916 0.18842 0.51357 0.26133 0.93313 0.76079 0.39495 0.39824 0.76119 0.65598 0.0051612 0.36938 0.37868 0.8544 0.84199 0.57791 0.083524 0.203 0.85643 0.85679 0.56625 0.75531 0.09618 0.67979 0.18711 0.88113 0.47684 0.98919 0.66718 0.29238 0.47981 0.18127 0.6491 0.66212 0.25656 0.78171 0.94606
0 0.8585 0.08212 0.31067 0.11307 0.054738 0.86227 0.074723 0.22454 0.51003 0.17983 0.0098604 0.092889 0.15651 0.70999 0.84269 0.62405 0.74102 0.53244 0.77881 0.94194 0.28769 0.32151 0.7821 0.95583 0.99651 0.80096 0.28222 0.59523 0.61634 0.99551 0.40877 0.26702 0.30574 0.14658 0.31622 0.32464 0.98184 0.24846 0.76617 0.99349 0.14158 0.71896 0.43207 0.045582 0.39602 0.39281 0.079866 0.26501 0.74335 0.060115 0.80826 0.64747 0.37447 0.16077 0.23192 0.76939 0.13483 0.041962 0.57765 0.2583 0.32678 0.10733 0.14394 0.37404 0.08337 0.44917
0 0.25739 0.0016788 0.17579 0.05096 0.41036 0.45388 0.17016 0.92519 0.065745 0.70672 0.62226 0.71363 0.31436 0.68544 0.76215 0.72583 0.84137 0.97191 0.47032 0.96759 0.55603 0.063502 0.71688 0.19797 0.22771 0.48757 0.44564 0.37097 0.05248 0.78851 0.2864 0.45008 0.22541 0.89748 0.98575 0.27711 0.10762 0.39697 0.061823 0.33879 0.25162 0.044958 0.24789 0.076143 0.9898 0.8794 0.82064 0.6612 0.50596 0.044133 0.78569 0.40148 0.54345 0.65705 0.71311 0.66243 0.28671 0.40613 0.37182 0.24806 0.6322 0.10419 0.027715 0.24359 0.035629 0.19434
0 0.65283 0.76282 0.85391 0.647 0.10998 0.52081 0.014928 0.17484 0.55605 0.99594 0.57895 0.16288 0.79884 0.80118 0.32733 0.33028 0.50218 0.62084 0.92831 0.56259 0.32786 0.59689 0.43733 0.71685 0.043123 0.81989 0.93918 0.091487 0.48263 0.13267 0.26122 0.8375 0.61339 0.9965 0.28431 0.61519 0.050043 0.25022 0.5456 0.42665 0.77506 0.69754 0.64568 0.83372 0.23544 0.50915 0.5149 0.17056 0.33561 0.67788 0.39759 0.59524 0.95121 0.24677 0.62904 0.26993 0.38543 0.60947 0.31023 0.025127 0.68702 0.37361 0.061684 0.6091 0.96091 0.15183
0 0.36824 0.61692 0.10854 0.068619 0.32404 0.71401 0.51814 0.77922 0.19538 0.1076 0.32472 0.59965 0.27521 0.5428 0.47354 0.52907 0.33505 0.70326 0.88462 0.47261 0.18153 0.7635 0.32249 0.047819 0.47622 0.30597 0.16411 0.30471 0.94131 0.027397 0.27244 0.14764 0.29171 0.6465 0.8053 0.22653 0.6908 0.65363 0.85263 0.27752 0.15638 0.35191 0.15347 0.77317 0.69322 0.20142 0.91867 0.5593 0.59103 0.1933 0.83732 0.87343 0.047362 0.73794 0.15152 0.12759 0.90279 0.74831 0.49938 0.58591 0.19601 0.57583 0.42986 0.46928 0.93258 0.24555
0 0.22369 0.25138 0.026914 0.83254 0.079238 0.08381 0.61263 0.036617 0.058217 0.48747 0.46607 0.23417 0.87721 0.0055565 0.4963 0.32757 0.24693 0.39827 0.73086 0.51745 0.64634 0.30593 0.36116 0.73584 0.61184 0.1639 0.67146 0.22189 0.34919 0.98019 0.50446 0.38183 0.086601 0.82947 0.2604 0.45525 0.55904 0.70016 0.35304 0.5934 0.88407 0.28896 0.07893 0.14635 0.91719 0.80929 0.61066 0.57328 0.87321 0.43783 0.12553 0.81624 0.94099 0.91914 0.93892 0.15514 0.28435 0.83972 0.38953 0.89319 0.45751 0.84553 0.2475 0.37138 0.66897 0.97733
0 0.37907 0.93553 0.49219 0.58594 0.48045 0.25871 0.52535 0.44082 0.35611 0.51476 0.91968 0.68907 0.28775 0.88298 0.82899 0.62026 0.77848 0.81947 0.30649 0.82361 0.76177 0.33696 0.81533 0.73974 0.33597 0.30768 0.068785 0.97363 0.079991 0.57457 0.77665 0.77404 0.57929 0.69054 0.0057934 0.922 0.19167 0.21148 0.88014 0.72085 0.0024784 0.60541 0.53597 0.032277 0.649 0.36301 0.46419 0.1569 0.2831 0.85018 0.28193 0.95762 0.32682 0.9527 0.86456 0.81034 0.90871 0.34387 0.35636 0.80388 0.11016 0.83557 0.30592 0.76339 0.34343 0.79415
0 0.84395 0.49159 0.42606 0.067677 0.21513 0.65742 0.42608 0.62762 0.25058 0.53858 0.96997 0.29977 0.89068 0.2524 0.2906 0.034511 0.083468 0.68307 0.22579 0.49113 0.71411 0.442 0.75478 0.50647 0.73283 0.4903 0.15191 0.76607 0.54673 0.80311 0.34734 0.69613 0.67343 0.78392 0.68322 0.95978 0.14002 0.073162 0.11732 0.55786 0.97984 0.022045 0.97367 0.20409 0.27501 0.35641 0.23301 0.93949 0.7105 0.024313 0.83292 0.96801 0.19442 0.69416 0.36577 0.89482 0.78393 0.5741 0.095214 0.55644 0.42745 0.76361 0.15559 0.463 0.013484 0.67619
0 0.75675 0.90533 0.46991 0.51009 0.46452 0.5138 0.67253 0.18434 0.43188 0.03692 0.16395 0.99906 0.81732 0.59492 0.033577 0.68182 0.7209 0.69837 0.67811 0.66857 0.099122 0.53956 0.011935 0.7673 0.24079 0.44704 0.48476 0.67406 0.41732 0.84145 0.011509 0.039749 0.88446 0.68581 0.37652 0.34054 0.44154 0.39176 0.013086 0.38679 0.93104 0.13199 0.6243 0.41019 0.70236 0.23046 0.031416 0.61056 0.44104 0.9767 0.76203 0.64919 0.52674 0.2434 0.68167 0.033638 0.12487 0.61059 0.2291 0.79378 0.62374 0.50976 0.90236 0.74974 0.18874 0.358
0 0.38829 0.95055 0.28507 0.38805 0.046065 0.60762 0.8663 0.97554 0.98943 0.43831 0.9442 0.19402 0.97337 0.27786 0.61798 0.3662 0.35668 0.84253 0.035208 0.037485 0.37515 0.91123 0.38674 0.76364 0.44545 0.83259 0.87907 0.21008 0.92393 0.34888 0.19188 0.63168 0.78076 0.80451 0.24246 0.77084 0.37298 0.24438 0.64628 0.049243 0.66333 0.27118 0.75153 0.44075 0.81901 0.72112 0.38005 0.23353 0.81418 0.34724 0.19787 0.78518 0.26768 0.35707 0.0026621 0.15999 0.66479 0.16673 0.27432 0.30063 0.21085 0.68958 0.52057 0.91423 0.59181 0.82087
0 0.97546 0.73793 0.44231 0.5859 0.94589 0.86615 0.65258 0.78584 0.037258 0.92242 0.90597 0.039395 0.041993 0.40634 0.68857 0.04343 0.059717 0.53558 0.87852 0.47302 0.81746 0.39053 0.15783 0.73225 0.65779 0.78721 0.54284 0.030465 0.25585 0.66695 0.89216 0.097257 0.47407 0.11841 0.28798 0.11419 0.12303 0.89274 0.50895 0.68311 0.32897 0.39257 0.16636 0.77705 0.8676 0.3487 0.41318 0.21659 0.1922 0.20209 0.64337 0.8063 0.38349 0.40821 0.59952 0.032599 0.43375 0.9671 0.92522 0.44713 0.60318 0.091862 0.24634 0.077864 0.87511 0.47591
0 0.65735 0.3769 0.32295 0.79346 0.86328 0.48308 0.087356 0.964 0.63798 0.13318 0.26959 0.17561 0.21808 0.45931 0.18704 0.34193 0.93337 0.78542 0.47061 0.003865 0.38831 0.61388 0.6772 0.99471 0.5161 0.79232 0.32282 0.42595 0.40448 0.82035 0.50414 0.017103 0.60567 0.17591 0.71433 0.29946 0.096045 0.45261 0.90506 0.023471 0.77265 0.12548 0.58963 0.34084 0.085122 0.020979 0.48569 0.063741 0.48619 0.27512 0.99224 0.40228 0.23903 0.90811 0.13189 0.12011 0.27123 0.58196 0.28844 0.77585 0.55787 0.84149 0.71677 0.54711 0.53953 0.27023
0 0.7646 0.077051 0.52517 0.35624 0.29674 0.654 0.37404 0.79382 0.32645 0.1059 0.62855 0.50488 0.2465 0.76925 0.34248 0.025195 0.35447 0.099592 0.91642 0.11471 0.11042 0.59241 0.99972 0.65107 0.33179 0.5215 0.66725 0.12806 0.025084 0.84472 0.61149 0.2755 0.63312 0.27352 0.29529 0.87179 0.2041 0.62153 0.98355 0.15726 0.14427 0.32982 0.40884 0.15576 0.82653 0.18788 0.97863 0.5339 0.096822 0.54398 0.60568 0.36729 0.5655 0.22449 0.39305 0.10194 0.37929 0.60062 0.0064291 0.042301 0.97681 0.62023 0.11566 0.30185 0.68491 0.30313
0 0.19657 0.56829 0.66983 0.98925 0.48201 0.98528 0.71553 0.14917 0.10934 0.3452 0.20032 0.56662 0.27074 0.57301 0.83648 0.98565 0.5251 0.17368 0.90633 0.12066 0.35599 0.96115 0.99071 0.12981 0.08953 0.6411 0.854 0.42329 0.63685 0.21852 0.23623 0.18254 0.75099 0.5823 0.58752 0.67501 0.73529 0.464 0.69329 0.69487 0.60558 0.74387 0.20719 0.41035 0.67517 0.63594 0.5017 0.53623 0.40988 0.69078 0.7865 0.63561 0.89205 0.26521 0.81274 0.45458 0.41209 0.41847 0.097459 0.96743 0.33857 0.48175 0.19099 0.84218 0.29947 0.70696
0 0.80663 0.71664 0.11538 0.56284 0.11095 0.55295 0.61959 0.44109 0.041534 0.44618 0.028877 0.69477 0.66632 0.94892 0.59258 0.7694 0.0077001 0.0078968 0.011653 0.30275 0.11303 0.56776 0.72473 0.82077 0.39736 0.046037 0.79253 0.4525 0.64726 0.93373 0.28735 0.42778 0.054573 0.79849 0.95961 0.20535 0.82483 0.31161 0.48807 0.31957 0.75655 0.87634 0.04819 0.9783 0.007508 0.97441 0.99042 0.3384 0.88221 0.94366 0.1008 0.2599 0.87527 0.88426 0.33513 0.43143 0.71758 0.14268 0.31058 0.88698 0.25638 0.85854 0.3461 0.77031 0.76566 0.277
0 0.74892 0.59225 0.65313 0.37716 0.42242 0.73458 0.54124 0.48617 0.17824 0.24656 0.71755 0.7236 0.13601 0.33466 0.64714 0.025713 0.33557 0.54416 0.40775 0.18871 0.79304 0.84657 0.93639 0.4094 0.7942 0.067836 0.33725 0.12982 0.24967 0.60682 0.52762 0.61329 0.35736 0.73194 0.091094 0.20321 0.79919 0.58651 0.22241 0.77426 0.64875 0.33206 0.028142 0.75705 0.47222 0.34985 0.32684 0.77311 0.74754 0.74656 0.40088 0.1143 0.61532 0.57181 0.83843 0.53499 0.036791 0.17119 0.18123 0.87843 0.30927 0.55343 0.90034 0.10227 0.42546 0.99609
0 0.22027 0.43197 0.29893 0.78849 0.92626 0.94341 0.70717 0.82046 0.056026 0.75953 0.44367 0.46169 0.97676 0.48741 0.62222 0.7947 0.4186 0.82843 0.67495 0.24919 0.98608 0.30661 0.85582 0.35393 0.1347 0.56921 0.017968 0.48662 0.59189 0.59223 0.92784 0.29029 0.31168 0.61741 0.81728 0.7657 0.72593 0.82332 0.44051 0.49697 0.20106 0.69507 0.94556 0.12787 0.40466 0.91573 0.18025 0.63592 0.14557 0.90571 0.37356 0.17302 0.54337 0.17952 0.71515 0.9108 0.98491 0.72801 0.60197 0.71563 0.92724 0.19036 0.50027 0.82169 0.79726 0.15146
