data/NoiseGrid.txt
ncols         200
nrows         200
xllcorner     50.000000
yllcorner     50.000000
cellsize      100
NODATA_value  -9999
[rows 0 to 29 of 200, columns 67 to 133 of 200]
0 0 0 0 0 0 0 0 0 0 0 0 0 0 0 0 0 0 0 0 0 0 0 0 0 0 0 0 0 0 0 0 0 0 0 0 0 0 0 0 0 0 0 0 0 0 0 0 0 0 0 0 0 0 0 0 0 0 0 0 0 0 0 0 0 0 0
0.10701 0.89443 0.33399 0.079716 0.18684 0.53199 0.086523 0.10324 0.11272 0.28695 0.99898 0.24039 0.34674 0.99649 0.62368 0.36128 0.078379 0.33188 0.037074 0.48102 0.43628 0.021343 0.47645 0.71564 0.9405 0.98272 0.58393 0.44864 0.32692 0.78427 0.99083 0.39166 0.22981 0.44274 0.6063 0.60015 0.36285 0.56463 0.25868 0.03837 0.63695 0.63808 0.41284 0.72621 0.30062 0.59632 0.55131 0.71993 0.53992 0.60447 0.28398 0.9258 0.88065 0.12448 0.61611 0.085396 0.64421 0.67497 0.45019 0.33191 0.81884 0.85656 0.98229 0.89094 0.061703 0.84961 0.50956
0.65152 0.63129 0.86585 0.5568 0.31722 0.041526 0.13853 0.39564 0.89699 0.87487 0.57588 0.71261 0.3975 0.97904 0.85835 0.58789 0.55705 0.12503 0.44134 0.99744 0.31982 0.76664 0.73329 0.60899 0.28924 0.35243 0.11963 0.50713 0.2979 0.53679 0.28509 0.95065 0.62134 0.45955 0.3982 0.40106 0.24308 0.16072 0.46748 0.43261 0.30199 0.93939 0.22289 0.92215 0.56249 0.4342 0.44184 0.34886 0.046248 0.54526 0.13396 0.002006 0.87351 0.14719 0.51632 0.75163 0.40508 0.57144 0.83017 0.73251 0.87599 0.74565 0.38574 0.91078 0.9861 0.19721 0.060429
0.01569 0.85489 0.87119 0.69724 0.34161 0.53453 0.57228 0.25087 0.6673 0.78979 0.07863 0.17248 0.42406 0.48419 0.47848 0.22202 0.51826 0.19717 0.032331 0.97953 0.23437 0.15559 0.090761 0.079055 0.27926 0.29907 0.98119 0.070153 0.92426 0.41826 0.36768 0.54093 0.35308 0.57542 0.17367 0.79795 0.42454 0.56706 0.83901 0.35887 0.034108 0.17043 0.6002 0.48146 0.29807 0.15193 0.18367 0.30574 0.90651 0.39526 0.93754 0.39416 0.79659 0.67321 0.91868 0.96503 0.7683 0.81578 0.273 0.40792 0.84787 0.85479 0.85902 0.48897 0.42828 0.84395 0.84657
0.20381 0.068703 0.76702 0.77037 0.44628 0.13802 0.42088 0.70291 0.63607 0.23427 0.51678 0.46664 0.87737 0.54373 0.80511 0.068871 0.52567 0.47204 0.45695 0.99315 0.03845 0.037431 0.16971 0.53037 0.40115 0.18052 0.023547 0.64325 0.30057 0.034765 0.13533 0.28619 0.43695 0.027204 0.88213 0.40709 0.076462 0.8211 0.18534 0.54799 0.20782 0.20044 0.31876 0.13317 0.38975 0.58612 0.60228 0.35577 0.32575 0.49696 0.47743 0.54688 0.74048 0.84757 0.35826 0.7866 0.90678 0.88988 0.37838 0.31077 0.90666 0.72046 0.13192 0.54 0.062464 0.50278 0.6369
0.12218 0.34356 0.22596 0.51507 0.15582 0.038334 0.027173 0.92622 0.88748 0.98046 0.53363 0.11995 0.26428 0.52271 0.87517 0.58146 0.87985 0.048137 0.080026 0.3321 0.67103 0.22185 0.027186 0.15409 0.74384 0.028336 0.59309 0.64206 0.82734 0.8098 0.92532 0.58521 0.78629 0.61411 0.85227 0.3448 0.96851 0.51208 0.03868 0.021817 0.51444 0.11289 0.50813 0.23439 0.9013 0.36738 0.93069 0.71226 0.35159 0.75615 0.39898 0.55299 0.86092 0.77732 0.33526 0.15263 0.93902 0.46036 0.23186 0.65039 0.48909 0.47485 0.069191 0.67327 0.048128 0.036535 0.98385
0.40987 0.94609 0.43747 0.85402 0.2004 0.96366 0.88332 0.36763 0.048049 0.087802 0.77455 0.15511 0.35811 0.68487 0.71528 0.076951 0.74932 0.23317 0.47096 0.73108 0.65848 0.86724 0.2767 0.077604 0.27986 0.11942 0.5402 0.49196 0.89598 0.074051 0.56517 0.40237 0.12944 0.73874 0.6701 0.099697 0.92336 0.6052 0.67927 0.90165 0.45591 0.80235 0.67041 0.57669 0.86753 0.23841 0.96684 0.85287 0.5305 0.94408 0.56582 0.03212 0.40092 0.48918 0.27352 0.90226 0.46736 0.85979 0.15009 0.71561 0.23056 0.64055 0.89872 0.97355 0.71912 0.95246 0.25191
0.37134 0.092803 0.93504 0.457 0.51876 0.13688 0.84291 0.66068 0.3689 0.61185 0.75229 0.8128 0.66096 0.45098 0.31368 0.41543 0.031656 0.75696 0.55346 0.26604 0.06878 0.86461 0.99527 0.14642 0.33959 0.81444 0.92338 0.7731 0.79497 0.87621 0.61138 0.45175 0.46776 0.28236 0.36827 0.19538 0.55509 0.41371 0.96419 0.69149 0.2881 0.53631 0.26345 0.1667 0.69961 0.40183 0.96971 0.27582 0.13787 0.74682 0.90537 0.37097 0.6677 0.39277 0.26786 0.1312 0.79564 0.51631 0.1464 0.96411 0.44068 0.56657 0.14856 0.68161 0.95392 0.86757 0.45682
0.29402 0.86549 0.16457 0.019817 0.20744 0.55499 0.0063347 0.31902 0.10553 0.10088 0.71352 0.30638 0.36947 0.37255 0.65532 0.15388 0.13944 0.92077 0.24668 0.888 0.92395 0.85191 0.78521 0.25611 0.61491 0.76089 0.77789 0.34309 0.82675 0.68668 0.42652 0.68422 0.48007 0.18353 0.12133 0.64768 0.55137 0.49354 0.7798 0.064517 0.87354 0.3432 0.19924 0.70646 0.24044 0.82195 0.11259 0.62378 0.022472 0.53053 0.069897 0.67648 0.8438 0.45786 0.70135 0.45126 0.57567 0.7646 0.87645 0.84539 0.16656 0.001099 0.091333 0.6895 0.18626 0.19595 0.4744
0.7224 0.51021 0.37922 0.76675 0.84074 0.67044 0.80417 0.86524 0.95879 0.25469 0.32528 0.41517 0.95599 0.74801 0.35212 0.92069 0.34289 0.92558 0.2009 0.098842 0.84252 0.67914 0.40246 0.57151 0.053304 0.82741 0.71314 0.91119 0.66461 0.88586 0.50537 0.96589 0.16177 0.50679 0.50364 0.80186 0.65693 0.65637 0.87911 0.70333 0.9152 0.33085 0.15568 0.52027 0.53976 0.50448 0.41666 0.87911 0.47759 0.41179 0.14345 0.43829 0.57638 0.966 0.58814 0.29867 0.41594 0.26199 0.72351 0.61429 0.2689 0.11332 0.783 0.8983 0.51506 0.99612 0.53518
0.51438 0.73551 0.28462 0.69633 0.71115 0.099339 0.25144 0.56542 0.50636 0.84408 0.048544 0.032272 0.6199 0.41997 0.35271 0.30438 0.39571 0.39622 0.12846 0.62175 0.22768 0.23916 0.60635 0.70774 0.66734 0.39964 0.95531 0.971 0.31328 0.98144 0.86045 0.30541 0.55812 0.88668 0.064791 0.013205 0.15645 0.30852 0.11171 0.10426 0.40608 0.26811 0.66831 0.7342 0.46306 0.88026 0.52635 0.65106 0.794 0.79789 0.86039 0.13183 0.54912 0.92383 0.43686 0.13826 0.8558 0.28288 0.3948 0.40101 0.62651 0.12793 0.16091 0.055675 0.37182 0.51849 0.96712
0.44454 0.25695 0.10767 0.87545 0.38283 0.23154 0.028816 0.19312 0.76641 0.69674 0.90394 0.67531 0.87357 0.070902 0.024516 0.14463 0.51801 0.38138 0.3594 0.99996 0.70164 0.79232 0.28505 0.86673 0.677 0.88384 0.13176 0.8573 0.011899 0.34536 0.11464 0.95477 0.42745 0.98088 0.65347 0.76237 0.5571 0.69128 0.78001 0.42216 0.46897 0.24268 0.80869 0.25186 0.6759 0.58307 0.49319 0.87535 0.9641 0.20879 0.035351 0.91288 0.012291 0.81123 0.78026 0.61359 0.063178 0.4423 0.15194 0.57209 0.25039 0.65624 0.74927 0.52189 0.18924 0.43035 0.71738
0.65562 0.42706 0.95672 0.06251 0.65915 0.3992 0.9888 0.93904 0.71909 0.62494 0.75786 0.52523 0.49903 0.99663 0.81784 0.71733 0.46901 0.39301 0.63673 0.61217 0.29059 0.14247 0.29801 0.95291 0.51654 0.61084 0.34794 0.067453 0.068116 0.31043 0.42372 0.97767 0.86758 0.79936 0.65897 0.78149 0.18026 0.55435 0.24171 0.08739 0.83174 0.63527 0.56765 0.2109 0.60471 0.92896 0.55644 0.58196 0.79063 0.72615 0.18193 0.99051 0.99162 0.90919 0.56754 0.095898 0.20658 0.19135 0.42063 0.43031 0.29214 0.87931 0.36682 0.3072 0.79614 0.18412 0.47022
0.60843 0.40982 0.087444 0.0058636 0.25079 0.93311 0.4544 0.82648 0.93727 0.14685 0.99278 0.87636 0.14598 0.41473 0.70845 0.62537 0.98882 0.23674 0.36631 0.45468 0.99746 0.62867 0.31237 0.58811 0.068152 0.089841 0.38837 0.12691 0.053441 0.54681 0.037394 0.63481 0.28035 0.32218 0.12639 0.21993 0.57326 0.12036 0.59144 0.5089 0.66696 0.99795 0.89797 0.53498 0.3743 0.4593 0.74145 0.68041 0.63232 0.045273 0.40977 0.18923 0.54933 0.79771 0.75679 0.51185 0.52589 0.60832 0.4273 0.68291 0.52468 0.49029 0.98997 0.54601 0.60154 0.089697 0.43797
0.76489 0.98779 0.3434 0.49864 0.47684 0.32125 0.14257 0.73549 0.14958 0.74271 0.16331 0.15691 0.26372 0.34041 0.39689 0.84552 0.089411 0.35097 0.30043 0.68382 0.92389 0.53015 0.67192 0.67303 0.059072 0.97428 0.26303 0.80385 0.51085 0.60731 0.83453 0.22548 0.20635 0.64607 0.5404 0.044813 0.50281 0.838 0.97951 0.23812 0.85336 0.73678 0.61541 0.58499 0.48654 0.36964 0.31079 0.8788 0.49123 0.577 0.52859 0.65039 0.02783 0.10491 0.91973 0.26674 0.63257 0.95902 0.16159 0.62001 0.62963 0.7742 0.41343 0.33143 0.70013 0.28923 0.12719
0.68855 0.86315 0.60214 0.72846 0.0020957 0.34352 0.22979 0.56398 0.31902 0.72554 0.20281 0.95385 0.51678 0.64677 0.24501 0.47716 0.23045 0.10267 0.44854 0.81056 0.30779 0.23395 0.21288 0.77863 0.048389 0.069005 0.4055 0.44981 0.45019 0.025188 0.43477 0.81502 0.027682 0.9052 0.70186 0.47313 0.14016 0.13623 0.26805 0.52583 0.036028 0.089428 0.041743 0.67301 0.71596 0.59421 0.70766 0.59172 0.6496 0.974 0.71864 0.82801 0.3093 0.57604 0.26811 0.41895 0.03593 0.0025531 0.38239 0.53988 0.99343 0.10115 0.035235 0.096083 0.62606 0.083436 0.68593
0.21418 0.89744 0.88154 0.85291 0.9002 0.39662 0.50455 0.81074 0.65156 0.95419 0.65545 0.99558 0.17819 0.32906 0.32432 0.32666 0.039462 0.38619 0.66324 0.69062 0.56662 0.92408 0.09388 0.12649 0.35306 0.45328 0.21555 0.41396 0.24642 0.93917 0.31073 0.99755 0.86164 0.74629 0.67298 0.81491 0.36617 0.49489 0.3225 0.79259 0.60913 0.13498 0.7915 0.59912 0.77736 0.0011898 0.38777 0.88064 0.028124 0.062843 0.008004 0.066862 0.45317 0.3461 0.47338 0.55622 0.71125 0.65062 0.55723 0.9037 0.055277 0.76108 0.072252 0.50959 0.61127 0.45101 0.96006
0.40904 0.67751 0.31385 0.14498 0.38346 0.73298 0.79039 0.4026 0.0062993 0.76895 0.44788 0.12186 0.9021 0.93626 0.27887 0.44156 0.73964 0.60505 0.12483 0.061146 0.86281 0.38009 0.065382 0.9221 0.24222 0.91644 0.83848 0.59271 0.59702 0.71888 0.15808 0.55462 0.54244 0.5714 0.9195 0.80619 0.07005 0.3147 0.38767 0.35675 0.454 0.15776 0.43835 0.94875 0.82298 0.37935 0.81456 0.39117 0.3036 0.081098 0.85124 0.109 0.71569 0.90057 0.99062 0.23603 0.15949 0.68063 0.029487 0.79305 0.54716 0.33421 0.56757 0.92183 0.444 0.46498 0.62378
0.8242 0.68173 0.40512 0.12233 0.36676 0.87723 0.79833 0.69799 0.54223 0.8047 0.12689 0.87219 0.38479 0.61536 0.38932 0.14875 0.14804 0.2472 0.28859 0.14849 0.98587 0.74301 0.018043 0.5678 0.52031 0.13478 0.99997 0.95718 0.04456 0.22939 0.79791 0.70395 0.078557 0.82314 0.43246 0.90233 0.54131 0.63849 0.28198 0.22655 0.68314 0.52258 0.062413 0.029866 0.10892 0.03636 0.066721 0.39731 0.60461 0.76346 0.02671 0.29848 0.050927 0.22048 0.87606 0.49927 0.28012 0.52881 0.38513 0.77974 0.34528 0.31911 0.53885 0.25127 0.072776 0.73838 0.029086
0.23616 0.90492 0.92497 0.20917 0.17909 0.38705 0.92627 0.12176 0.51958 0.68498 0.20521 0.65548 0.67619 0.72613 0.20343 0.2879 0.43793 0.16386 0.75637 0.83871 0.83924 0.49773 0.40608 0.93397 0.51215 0.28662 0.90443 0.45519 0.019265 0.58675 0.76619 0.98524 0.15021 0.47781 0.58933 0.38481 0.58824 0.42684 0.24014 0.71518 0.41281 0.59464 0.34539 0.12736 0.23044 0.012918 0.75552 0.61839 0.047992 0.32114 0.93662 0.55664 0.97583 0.32289 0.23251 0.31537 0.19936 0.33252 0.37557 0.47992 0.13371 0.87809 0.14085 0.49163 0.8494 0.34866 0.30456
0.65749 0.88973 0.42925 0.88325 0.79223 0.84072 0.48559 0.58942 0.038353 0.62917 0.93179 0.64155 0.75586 0.20052 0.098213 0.61155 0.13819 0.95535 0.25014 0.5715 0.99721 0.90225 0.99822 0.042467 0.14026 0.2094 0.133 0.62831 0.07606 0.39573 0.12512 0.17126 0.87855 0.90058 0.48042 0.60898 0.11645 0.83723 0.90736 0.97601 0.21307 0.25884 0.031438 0.3547 0.31493 0.44967 0.31656 0.47507 0.62011 0.51226 0.68239 0.96685 0.023861 0.91923 0.63501 0.96285 0.22775 0.71708 0.34294 0.6494 0.79385 0.20466 0.8593 0.69767 0.89618 0.63696 0.37821
0.12619 0.99983 0.3833 0.67321 0.77583 0.42592 0.99112 0.70292 0.49969 0.05059 0.61769 0.11085 0.030501 0.96056 0.89984 0.86737 0.27576 0.73825 0.31074 0.54183 0.72857 0.41128 0.64451 0.43117 0.44157 0.72348 0.14968 0.89711 0.024025 0.75452 0.012854 0.9614 0.037546 0.90075 0.28205 0.46648 0.16666 0.77681 0.34759 0.30615 0.92832 0.9455 0.6567 0.85412 0.88152 0.098406 0.60308 0.65398 0.36621 0.56335 0.0033294 0.34726 0.0078448 0.17405 0.55695 0.64738 0.50297 0.84701 0.1035 0.02077 0.17734 0.19368 0.87321 0.33392 0.52141 0.97785 0.098523
0.86611 0.34379 0.59679 0.87719 0.50139 0.024366 0.41892 0.90112 0.16337 0.2555 0.94254 0.53458 0.69372 0.47378 0.060068 0.12953 0.7413 0.87068 0.36928 0.74296 0.95088 0.97413 0.15038 0.076567 0.7421 0.25083 0.62715 0.64605 0.62047 0.11624 0.11229 0.87652 0.3344 0.48395 0.74429 0.63636 0.86783 0.59093 0.082352 0.55553 0.30891 0.066428 0.64623 0.38191 0.33487 0.056235 0.28392 0.18352 0.85388 0.8605 0.15911 0.46561 0.62389 0.70868 0.38783 0.25418 0.72754 0.52941 0.30277 0.26966 0.98093 0.015016 0.37647 0.97558 0.096953 0.69562 0.97154
0.215 0.94626 0.63444 0.78771 0.45219 0.29649 0.65708 0.82851 0.97976 0.95173 0.85492 0.28485 0.029486 0.13434 0.47682 0.84446 0.39788 0.50179 0.93383 0.50683 0.11978 0.7546 0.5067 0.85563 0.2394 0.10564 0.93961 0.96009 0.0094785 0.42712 0.35388 0.95403 0.1318 0.98608 0.82414 0.86814 0.85107 0.2418 0.39984 0.36929 0.75987 0.15028 0.70998 0.24205 0.3592 0.35428 0.019272 0.69086 0.78659 0.312 0.75705 0.35665 0.33505 0.73994 0.3243 0.51184 0.98223 0.97101 0.16429 0.54343 0.52901 0.7991 0.41015 0.82015 0.086164 0.86593 0.94882
0.94785 0.24244 0.20177 0.27199 0.85967 0.99011 0.88298 0.16105 0.27646 0.45687 0.37201 0.44386 0.87706 0.25523 0.33841 0.85705 0.53527 0.48323 0.4381 0.2701 0.93796 0.88197 0.81387 0.42284 0.27488 0.98859 0.9077 0.67341 0.27667 0.14556 0.80298 0.14865 0.013027 0.79197 0.52326 0.3263 0.94003 0.14561 0.38323 0.55648 0.50362 0.16482 0.24997 0.62714 0.38681 0.55353 0.92309 0.091318 0.50863 0.7136 0.68559 0.13855 0.76357 0.07416 0.81513 0.18844 0.74144 0.70333 0.16274 0.52744 0.55115 0.79596 0.30667 0.8342 0.94497 0.52827 0.48559
0.13109 0.98494 0.84868 0.70833 0.19696 0.75652 0.018799 0.72915 0.36455 0.58939 0.38618 0.61998 0.52578 0.87089 0.2712 0.46805 0.93928 0.21865 0.22909 0.86407 0.053565 0.56963 0.86892 0.2145 0.26365 0.5121 0.96508 0.87698 0.17344 0.15886 0.94405 0.29833 0.10281 0.4266 0.81437 0.26692 0.87688 0.58323 0.99461 0.34868 0.18461 0.67316 0.86751 0.35979 0.45721 0.085581 0.21856 0.34644 0.51282 0.037818 0.8182 0.37315 0.85548 0.31085 0.054226 0.26313 0.30673 0.51853 0.076891 0.21619 0.86631 0.22229 0.7987 0.28851 0.78803 0.18032 0.0057028
0.43157 0.40176 0.56336 0.20046 0.037561 0.035105 0.19121 0.9325 0.37829 0.91385 0.81419 0.9278 0.48237 0.27265 0.76962 0.34561 0.60016 0.98311 0.15396 0.72268 0.68172 0.81516 0.18482 0.0047945 0.28062 0.59794 0.044799 0.05107 0.69385 0.57117 0.81215 0.46959 0.0029434 0.72738 0.25905 0.53708 0.26745 0.68129 0.011847 0.82178 0.64252 0.23521 0.1332 0.94045 0.4632 0.68939 0.18456 0.33205 0.11437 0.79582 0.0070051 0.028392 0.23256 0.099218 0.030719 0.85101 0.40516 0.72155 0.6019 0.31363 0.98957 0.88141 0.23078 0.77727 0.64799 0.89097 0.18428
0.13319 0.39044 0.77178 0.74118 0.70452 0.51618 0.38526 0.31533 0.37694 0.76811 0.36904 0.33076 0.20012 0.89569 0.94193 0.29261 0.85951 0.99593 0.98415 0.090703 0.73996 0.59784 0.50339 0.6091 0.3874 0.10282 0.40992 0.26215 0.11124 0.72006 0.627 0.1173 0.28423 0.49965 0.3415 0.072385 0.57488 0.93144 0.48075 0.71915 0.76294 0.3296 0.57507 0.68934 0.019609 0.10128 0.48351 0.51963 0.90236 0.78448 0.16931 0.56205 0.86348 0.15465 0.26937 0.84768 0.36639 0.27619 0.099005 0.24367 0.72139 0.17092 0.48925 0.077396 0.8273 0.2324 0.32772
0.7695 0.39908 0.71823 0.73205 0.44867 0.41291 0.085295 0.96024 0.056775 0.31834 0.95289 0.51391 0.0014895 0.10592 0.81281 0.56666 0.12169 0.95674 0.82371 0.12578 0.25453 0.72553 0.97202 0.94901 0.85392 0.89996 0.20879 0.58995 0.69938 0.31033 0.13185 0.45891 0.10863 0.2641 0.51265 0.65573 0.061423 0.40064 0.80382 0.085243 0.80121 0.94819 0.4028 0.58131 0.35396 0.42624 0.49588 0.73226 0.60955 0.047355 0.83347 0.56137 0.19042 0.64441 0.75465 0.5527 0.32798 0.92461 0.22007 0.078647 0.57768 0.30211 0.57709 0.43263 0.27616 0.26643 0.5942
0.28702 0.34708 0.31605 0.89759 0.14547 0.47636 0.39242 0.48516 0.65591 0.49566 0.807 0.80069 0.35786 0.65577 0.54912 0.39224 0.82588 0.37203 0.74871 0.41548 0.048576 0.40946 0.27875 0.7253 0.49551 0.52426 0.92405 0.94726 0.80708 0.55381 0.33217 0.73453 0.28723 0.51064 0.19848 0.74672 0.27374 0.43635 0.008114 0.52779 0.15206 0.66316 0.22026 0.50181 0.79158 0.25521 0.52999 0.15767 0.26111 0.259 0.14559 0.99636 0.90149 0.69406 0.059331 0.74524 0.28802 0.14798 0.8162 0.97392 0.46974 0.45815 0.97415 0.15556 0.27327 0.83161 0.32184
