data/NoiseGrid.txt
ncols         200
nrows         200
xllcorner     50.000000
yllcorner     50.000000
cellsize      100
NODATA_value  -9999
[rows 60 to 89 of 200, columns 0 to 66 of 200]
0 0.88613 0.098411 0.67167 0.55026 0.85094 0.96221 0.020344 0.35131 0.85989 0.4728 0.93093 0.39458 0.055669 0.24077 0.71173 0.14268 0.016085 0.63839 0.39346 0.1443 0.59242 0.72439 0.4972 0.96951 0.096458 0.3402 0.13268 0.17258 0.48087 0.38721 0.26353 0.57732 0.058368 0.41896 0.84921 0.18243 0.61939 0.95672 0.18544 0.72196 0.82065 0.8213 0.81311 0.0078182 0.033251 0.9012 0.43343 0.46638 0.76273 0.3242 0.3741 0.29679 0.80715 0.85044 0.2276 0.5087 0.58055 0.95999 0.26084 0.82891 0.73783 0.017758 0.37212 0.29103 0.73717 0.19384
0 0.37086 0.079705 0.80651 0.25139 0.55173 0.23437 0.90106 0.45299 0.49708 0.054486 0.02859 0.87773 0.3808 0.26264 0.52013 0.77589 0.98002 0.92447 0.021923 0.36619 0.14196 0.90012 0.44084 0.93735 0.62702 0.97393 0.25074 0.1685 0.4873 0.63679 0.98606 0.21967 0.52914 0.066451 0.2079 0.22017 0.45109 0.55103 0.30335 0.68376 0.13645 0.49964 0.98024 0.83806 0.42606 0.32764 0.91219 0.33206 0.97911 0.21698 0.61815 0.13917 0.30945 0.23108 0.90899 0.91392 0.70293 0.86389 0.22207 0.52545 0.73735 0.53747 0.33972 0.63274 0.7988 0.099456
0 0.097386 0.54506 0.83795 0.23959 0.96612 0.21006 0.028598 0.061287 0.79872 0.48192 0.46937 0.028932 0.86893 0.1177 0.21207 0.80998 0.7101 0.38769 0.44682 0.60567 0.45814 0.082126 0.58319 0.052279 0.63294 0.53453 0.15758 0.27481 0.27713 0.31092 0.00014681 0.93372 0.15959 0.42361 0.57758 0.36067 0.57205 0.46037 0.92163 0.32749 0.12465 0.2287 0.10074 0.71098 0.67002 0.79306 0.75909 0.96796 0.77294 0.56863 0.51408 0.77433 0.16598 0.50518 0.50637 0.75091 0.14721 0.66653 0.93903 0.16015 0.1402 0.28272 0.9786 0.36286 0.72895 0.3809
0 0.48462 0.15696 0.56973 0.53437 0.84254 0.29603 0.66351 0.99349 0.4327 0.04165 0.082857 0.076912 0.81102 0.5198 0.57889 0.87288 0.55163 0.72977 0.44827 0.55386 0.98697 0.98095 0.62755 0.84958 0.45544 0.47197 0.091878 0.20186 0.38347 0.10584 0.83727 0.076116 0.58326 0.075931 0.57955 0.33932 0.70305 0.56076 0.16079 0.7498 0.41368 0.064073 0.26971 0.11794 0.35409 0.055375 0.078092 0.5636 0.21896 0.42773 0.22524 0.70214 0.050816 0.62752 0.045545 0.94197 0.58205 0.57423 0.41025 0.16553 0.11532 0.94429 0.59826 0.81338 0.62803 0.21117
0 0.46166 0.77386 0.93163 0.64312 0.55532 0.88157 0.866 0.52846 0.078012 0.35419 0.86345 0.16992 0.67538 0.22008 0.76306 0.70199 0.51954 0.88537 0.81833 0.18576 0.55937 0.12122 0.96724 0.41065 0.65284 0.2227 0.72234 0.054076 0.60398 0.34399 0.10649 0.20535 0.59556 0.55887 0.52814 0.40959 0.34064 0.71538 0.32127 0.53468 0.97606 0.64563 0.97047 0.7829 0.043957 0.6714 0.33948 0.4656 0.87958 0.44368 0.44717 0.52951 0.9588 0.41451 0.47822 0.55514 0.62189 0.071275 0.13816 0.83963 0.072702 0.89611 0.30556 0.56945 0.43653 0.98165
0 0.81183 0.57738 0.27361 0.719 0.93251 0.26604 0.57591 0.77754 0.41037 0.79976 0.36806 0.72244 0.96998 0.42568 0.86819 0.15074 0.33316 0.43727 0.64783 0.91436 0.68572 0.39113 0.56939 0.92356 0.91132 0.64444 0.19949 0.60473 0.93256 0.37386 0.94164 0.34101 0.84399 0.70927 0.38175 0.14227 0.084452 0.85458 0.99502 0.026107 0.78533 0.29815 0.20763 0.96144 0.33855 0.35607 0.7117 0.41344 0.16001 0.50393 0.66687 0.013681 0.9377 0.1323 0.054596 0.80129 0.91787 0.74895 0.91059 0.70152 0.47677 0.56603 0.69636 0.84596 0.081697 0.71988
0 0.76697 0.74761 0.6329 0.47388 0.31187 0.17691 0.95941 0.94956 0.45907 0.635 0.48396 0.83146 0.13404 0.56931 0.13471 0.26594 0.28929 0.56861 0.65091 0.28086 0.37429 0.71099 0.79393 0.82469 0.65804 0.58798 0.41122 0.26905 0.60491 0.16239 0.57748 0.6245 0.95018 0.36342 0.9866 0.58421 0.808 0.4094 0.75213 0.30701 0.13525 0.35272 0.7301 0.61651 0.95867 0.91896 0.42195 0.36805 0.17087 0.52451 0.90373 0.10605 0.4558 0.75023 0.43126 0.071954 0.10284 0.57062 0.77983 0.87927 0.71271 0.7589 0.85144 0.010725 0.097867 0.5155
0 0.65316 0.22392 0.88857 0.39468 0.26418 0.86875 0.23167 0.41097 0.38962 0.36287 0.12363 0.55386 0.7279 0.96318 0.31392 0.36234 0.68499 0.76755 0.26895 0.8733 0.63263 0.31104 0.40298 0.55203 0.4345 0.84424 0.82029 0.41291 0.89862 0.5833 0.73952 0.29938 0.88005 0.52503 0.58687 0.13436 0.72578 0.52644 0.75578 0.043873 0.92539 0.14497 0.32093 0.2887 0.029517 0.26018 0.44286 0.22011 0.95407 0.84477 0.90573 0.075146 0.43355 0.787 0.5044 0.43223 0.81082 0.025876 0.99724 0.47351 0.53603 0.56605 0.48978 0.99147 0.34865 0.15176
0 0.72149 0.26752 0.51972 0.74101 0.6922 0.12991 0.66041 0.227 0.29326 0.62617 0.98833 0.50882 0.72481 0.7038 0.59018 0.40384 0.64093 0.88679 0.96741 0.15777 0.66537 0.24939 0.13398 0.73696 0.70622 0.71687 0.86309 0.9258 0.1693 0.24987 0.25218 0.39824 0.38584 0.37423 0.38518 0.98735 0.65301 0.25063 0.30705 0.61473 0.54021 0.43641 0.70364 0.28547 0.99309 0.51604 0.0054938 0.20431 0.50296 0.11748 0.87476 0.79514 0.48319 0.080237 0.62945 0.5372 0.25177 0.74734 0.89201 0.29323 0.15946 0.78833 0.62459 0.62727 0.9798 0.31809
0 0.78613 0.3656 0.3684 0.79853 0.19233 0.99986 0.3294 0.2995 0.45491 0.49064 0.88824 0.33811 0.022417 0.40163 0.24967 0.28955 0.37049 0.32245 0.31892 0.31278 0.54484 0.90542 0.95071 0.62473 0.58669 0.90847 0.075883 0.27155 0.28533 0.84316 0.62785 0.12417 0.3048 0.16602 0.74001 0.45207 0.48223 0.25355 0.21714 0.49469 0.57898 0.33026 0.72357 0.62032 0.76572 0.16963 0.28514 0.93675 0.83324 0.7515 0.053367 0.78272 0.58657 0.92192 0.73337 0.021744 0.8858 0.76513 0.67876 0.8105 0.20303 0.93314 0.85764 0.77718 0.66456 0.39868
0 0.44126 0.35458 0.7995 0.73089 0.99463 0.39966 0.35673 0.02812 0.10703 0.42426 0.029515 0.049746 0.52569 0.13668 0.88412 0.99354 0.26259 0.46608 0.62772 0.65425 0.43618 0.18979 0.75309 0.90249 0.38185 0.4028 0.96107 0.10526 0.59504 0.3974 0.53813 0.11487 0.18166 0.52159 0.382 0.60654 0.03028 0.13626 0.85893 0.65966 0.092713 0.81755 0.9531 0.33033 0.64297 0.43458 0.2577 0.55918 0.75488 0.24292 0.36187 0.7417 0.81938 0.37222 0.32896 0.63097 0.52793 0.5259 0.38008 0.29655 0.24896 0.80661 0.4131 0.78257 0.34172 0.41234
0 0.8899 0.20105 0.58914 0.14224 0.50814 0.58228 0.95917 0.82324 0.81795 0.59589 0.92057 0.80698 0.47393 0.54651 0.43763 0.15774 0.74088 0.20268 0.57604 0.25867 0.54926 0.6465 0.69636 0.62286 0.91942 0.32249 0.91727 0.16564 0.48181 0.041015 0.46636 0.54605 0.44963 0.078882 0.55897 0.83855 0.21107 0.16669 0.53004 0.6184 0.10077 0.11028 0.9819 0.93082 0.43921 0.19368 0.62259 0.81735 0.062617 0.26529 0.63173 0.41046 0.67709 0.040405 0.1299 0.41454 0.87339 0.19083 0.18032 0.7285 0.0067243 0.9232 0.8984 0.34265 0.1408 0.72459
0 0.13688 0.80743 0.45525 0.23068 0.39875 0.77592 0.41957 0.86561 0.24807 0.28512 0.83675 0.33254 0.21764 0.3679 0.80439 0.93882 0.53011 0.71959 0.25113 0.269 0.095325 0.55372 0.61096 0.73522 0.96424 0.50503 0.80763 0.61859 0.88977 0.97032 0.33846 0.1583 0.44406 0.13855 0.30114 0.97485 0.088765 0.1362 0.60001 0.76716 0.37836 0.21408 0.20984 0.23779 0.38896 0.49817 0.70188 0.8632 0.69235 0.38299 0.29422 0.53949 0.45525 0.66244 0.011503 0.17013 0.32836 0.3649 0.6192 0.44891 0.15757 0.60167 0.30327 0.69878 0.38045 0.28623
0 0.7194 0.15771 0.072459 0.42059 0.056219 0.50574 0.26483 0.88032 0.061502 0.7089 0.76203 0.52363 0.42928 0.35932 0.85726 0.67886 0.83909 0.0042955 0.93111 0.72411 0.95942 0.4572 0.5865 0.54735 0.1763 0.19991 0.51908 0.038073 0.41861 0.68018 0.71295 0.086815 0.10026 0.41072 0.28076 0.58959 0.31341 0.81751 0.16513 0.22689 0.40586 0.73441 0.03641 0.96272 0.36563 0.049507 0.30297 0.82643 0.16477 0.53192 0.65878 0.1299 0.45452 0.78662 0.33633 0.30671 0.19151 0.72576 0.64773 0.73685 0.7082 0.19718 0.6673 0.21734 0.36138 0.23146
0 0.96673 0.36689 0.34941 0.071168 0.3282 0.14386 0.66005 0.11438 0.96377 0.17898 0.018881 0.52061 0.48223 0.23756 0.6507 0.03023 0.95005 0.88051 0.97691 0.77031 0.39868 0.55196 0.46888 0.81244 0.54327 0.34509 0.94681 0.84714 0.64302 0.51851 0.5216 0.88787 0.80316 0.18787 0.13513 0.25726 0.85152 0.32119 0.033547 0.95911 0.11261 0.38081 0.58612 0.82651 0.74786 0.64643 0.050133 0.47471 0.94968 0.26301 0.85684 0.12823 0.96426 0.92683 0.70075 0.36249 0.094624 0.56156 0.33731 0.65354 0.025766 0.10702 0.8499 0.015729 0.22657 0.065975
0 0.93824 0.21536 0.93116 0.51931 0.20205 0.46889 0.15044 0.56776 0.048821 0.092052 0.7678 0.62695 0.048372 0.092136 0.34606 0.91384 0.85933 0.11444 0.57682 0.85449 0.059043 0.9114 0.75333 0.065117 0.23535 0.084814 0.49846 0.70739 0.74891 0.46706 0.71912 0.82131 0.93996 0.8169 0.72119 0.75891 0.76832 0.83138 0.91268 0.89762 0.64653 0.7876 0.80687 0.46338 0.77109 0.068306 0.23891 0.29084 0.18577 0.43599 0.52146 0.24899 0.14797 0.73139 0.28931 0.071777 0.66096 0.95181 0.67268 0.62521 0.546 0.45884 0.23129 0.73909 0.20006 0.28644
0 0.28518 0.75523 0.46374 0.11748 0.28792 0.65911 0.052236 0.14978 0.067284 0.39884 0.095284 0.4948 0.39915 0.45109 0.61158 0.85383 0.2091 0.47852 0.79856 0.38324 0.020256 0.19801 0.50995 0.78641 0.72022 0.12088 0.54298 0.44703 0.48358 0.37406 0.30811 0.79898 0.28602 0.46202 0.19981 0.57034 0.28306 0.75294 0.30811 0.8989 0.14991 0.50549 0.40152 0.21944 0.12479 0.39701 0.55553 0.41178 0.53841 0.99138 0.55763 0.8469 0.73225 0.16974 0.92744 0.87449 0.93034 0.79175 0.10316 0.65431 0.16919 0.84399 0.80225 0.80112 0.62675 0.49548
0 0.46967 0.031775 0.60342 0.17859 0.28115 0.96081 0.21346 0.39132 0.18312 0.62974 0.35232 0.48461 0.53675 0.71979 0.52913 0.40973 0.34601 0.4673 0.59516 0.83785 0.40163 0.016704 0.060575 0.22817 0.87934 0.70217 0.56272 0.45193 0.18242 0.15572 0.51 0.17136 0.10043 0.68375 0.45311 0.43907 0.83046 0.55421 0.054776 0.20628 0.56175 0.058468 0.11992 0.38269 0.20907 0.16147 0.033125 0.70765 0.33095 0.34778 0.70395 0.25505 0.72409 0.34503 0.99645 0.59398 0.67538 0.30903 0.3594 0.44741 0.48811 0.20313 0.4653 0.40548 0.34883 0.25866
0 0.97061 0.8807 0.90754 0.16543 0.42317 0.42823 0.058564 0.37989 0.31573 0.26418 0.96899 0.76522 0.016023 0.7342 0.82475 0.67422 0.90185 0.75603 0.37331 0.08754 0.82377 0.32923 0.53145 0.45986 0.63207 0.53857 0.16269 0.082728 0.45973 0.33671 0.3386 0.022 0.8582 0.20108 0.012335 0.957 0.91408 0.14632 0.62394 0.56445 0.012766 0.052921 0.34361 0.6902 0.094139 0.11352 0.99497 0.7224 0.83721 0.92818 0.34242 0.20836 0.47971 0.83955 0.65874 0.88553 0.43115 0.086879 0.92213 0.89295 0.80867 0.83683 0.096212 0.74875 0.63856 0.48783
0 0.27483 0.29925 0.3229 0.36961 0.41628 0.02287 0.73587 0.82624 0.32579 0.35224 0.8489 0.80096 0.25016 0.15509 0.97738 0.70846 0.59346 0.54423 0.64084 0.89847 0.39384 0.37507 0.62229 0.81175 0.22293 0.50296 0.84259 0.046916 0.69739 0.38583 0.90013 0.57054 0.95752 0.9965 0.94747 0.48915 0.5718 0.3458 0.71208 0.68758 0.55933 0.024259 0.29345 0.88778 0.96917 0.08198 0.72085 0.25542 0.87897 0.60641 0.14852 0.35599 0.16604 0.47721 0.047955 0.19828 0.28342 0.41316 0.95262 0.77899 0.35268 0.8989 0.30324 0.69474 0.11338 0.27037
0 0.296 0.82934 0.054398 0.81458 0.78334 0.97161 0.45552 0.89666 0.62328 0.78877 0.7938 0.30077 0.2393 0.33535 0.32518 0.73336 0.88743 0.06495 0.65218 0.97581 0.75292 0.040386 0.40292 0.31957 0.97317 0.67664 0.33591 0.054433 0.46347 0.61932 0.22162 0.42611 0.91601 0.0010228 0.3579 0.024175 0.37542 0.60437 0.30487 0.93262 0.33687 0.2768 0.74805 0.030447 0.98432 0.44046 0.58886 0.57928 0.50969 0.91295 0.95592 0.06027 0.51746 0.2551 0.068605 0.20334 0.97264 0.46681 0.55322 0.38277 0.59301 0.18976 0.62841 0.76479 0.99099 0.55476
0 0.10456 0.2082 0.548 0.49901 0.12373 0.93735 0.52652 0.47106 0.1906 0.95263 0.39588 0.026521 0.62836 0.38773 0.56957 0.44612 0.76228 0.50567 0.90726 0.75125 0.44758 0.686 0.63153 0.97622 0.6786 0.95006 0.38919 0.95007 0.40484 0.94949 0.55534 0.22011 0.14689 0.97394 0.9918 0.21084 0.86083 0.37399 0.23708 0.77167 0.8256 0.2465 0.79829 0.83665 0.42689 0.18018 0.6224 0.60466 0.60235 0.84553 0.22627 0.65299 0.81835 0.76135 0.043044 0.78945 0.30303 0.70288 0.76381 0.44835 0.11118 0.15481 0.42235 0.093091 0.20214 0.83404
0 0.52545 0.9358 0.2217 0.5868 0.84352 0.91288 0.24666 0.34334 0.21801 0.96464 0.76208 0.38636 0.36828 0.72845 0.89489 0.72528 0.19792 0.2031 0.83279 0.043171 0.5895 0.060286 0.83692 0.98851 0.45514 0.15844 0.23899 0.019612 0.6726 0.17002 0.099746 0.61088 0.87897 0.0246 0.79748 0.61765 0.8577 0.81597 0.22452 0.027245 0.88436 0.81537 0.78661 0.83528 0.582 0.54147 0.37215 0.21085 0.41774 0.75147 0.064224 0.28011 0.29964 0.40207 0.21826 0.7345 0.46447 0.85908 0.47087 0.18407 0.568 0.452 0.81818 0.71397 0.97353 0.26474
0 0.068816 0.76649 0.82001 0.092149 0.94682 0.31937 0.57919 0.56854 0.20635 0.035991 0.41973 0.75588 0.43418 0.46407 0.57384 0.24522 0.0022148 0.46392 0.31812 0.18276 0.014436 0.60766 0.47159 0.013128 0.60161 0.69011 0.51261 0.21247 0.59786 0.43344 0.14254 0.71269 0.91397 0.69494 0.12943 0.85902 0.013008 0.035485 0.52694 0.011055 0.93097 0.97192 0.76597 0.196 0.64506 0.59835 0.40498 0.65308 0.88875 0.72056 0.52559 0.67112 0.57254 0.123 0.8971 0.26264 0.7112 0.096762 0.40236 0.97719 0.12744 0.16305 0.90269 0.57042 0.043034 0.61335
0 0.01952 0.19769 0.35324 0.84161 0.98507 0.19992 0.45042 0.3535 0.744 0.27037 0.54406 0.69631 0.21156 0.041143 0.68141 0.48453 0.3012 0.10182 0.46546 0.88567 0.58172 0.39904 0.021863 0.060781 0.17428 0.58634 0.94047 0.14423 0.27818 0.73143 0.39134 0.29771 0.6466 0.016002 0.79762 0.017774 0.051893 0.42903 0.78191 0.55499 0.27857 0.36088 0.078258 0.99393 0.26696 0.54543 0.58688 0.25204 0.62111 0.78616 0.049234 0.44255 0.83159 0.95228 0.36278 0.67357 0.46212 0.91196 0.49105 0.1681 0.53625 0.13134 0.76452 0.10458 0.85846 0.15827
0 0.5443 0.71322 0.61571 0.040806 0.29792 0.81854 0.27689 0.72401 0.26716 0.72549 0.9028 0.21905 0.73599 0.58462 0.59204 0.36041 0.82564 0.37449 0.0093498 0.17288 0.62671 0.16879 0.38236 0.673 0.81128 0.16151 0.0010474 0.076318 0.90554 0.16838 0.72411 0.26688 0.91527 0.90758 0.51953 0.86837 0.40774 0.55607 0.45312 0.74426 0.51345 0.081542 0.40899 0.22503 0.14489 0.30613 0.70749 0.40363 0.4189 0.95758 0.13998 0.86782 0.52966 0.87225 0.92066 0.57806 0.74647 0.76358 0.89564 0.9468 0.72324 0.16155 0.22569 0.67281 0.66896 0.93046
0 0.8591 0.213 0.0034843 0.14102 0.26851 0.60693 0.74217 0.078391 0.22538 0.23893 0.095075 0.6737 0.60807 0.82082 0.127 0.74314 0.59862 0.95131 0.4988 0.96448 0.12718 0.73423 0.11362 0.95436 0.29493 0.28079 0.98493 0.1942 0.014813 0.049318 0.72662 0.16091 0.6253 0.80866 0.2984 0.50015 0.60005 0.44293 0.68537 0.044021 0.26134 0.84632 0.2062 0.14836 0.69567 0.29511 0.85249 0.65092 0.91173 0.75638 0.50831 0.20856 0.24199 0.34728 0.63505 0.43771 0.52371 0.68984 0.43195 0.14862 0.37763 0.88297 0.67546 0.69431 0.94385 0.6871
0 0.038342 0.98002 0.090539 0.56256 0.90324 0.79797 0.83161 0.68975 0.12376 0.09085 0.79075 0.90924 0.87524 0.22806 0.28627 0.42654 0.59765 0.15664 0.76696 0.41568 0.99998 0.20233 0.76625 0.28098 0.91836 0.20879 0.55966 0.98302 0.31094 0.59801 0.23677 0.039169 0.54294 0.74052 0.99512 0.0047976 0.9589 0.041468 0.97098 0.88991 0.27699 0.057914 0.67836 0.74113 0.50037 0.20099 0.79203 0.27457 0.43553 0.42814 0.97431 0.0045479 0.028445 0.039447 0.43116 0.8369 0.7571 0.30319 0.40867 0.87872 0.25632 0.019729 0.69785 0.69772 0.11315 0.45359
0 0.99852 0.68234 0.13307 0.99424 0.21687 0.067624 0.65596 0.89911 0.090317 0.88912 0.63389 0.65983 0.18716 0.60454 0.51123 0.28864 0.79538 0.35978 0.59036 0.79741 0.74824 0.14131 0.71584 0.96265 0.21503 0.84692 0.30649 0.0079294 0.84492 0.90431 0.97447 0.9669 0.89599 0.53772 0.39399 0.32073 0.27554 0.91713 0.20155 0.036301 0.53438 0.17557 0.84193 0.26281 0.030414 0.80501 0.80016 0.37926 0.014339 0.37796 0.013342 0.85339 0.44325 0.024672 0.051194 0.44305 0.26169 0.47032 0.39936 0.69539 0.8851 0.21498 0.9177 0.55636 0.30885 0.9112
0 0.73118 0.0021048 0.27395 0.50643 0.38528 0.61341 0.60146 0.032099 0.42325 0.31182 0.010836 0.033412 0.10294 0.26154 0.055326 0.099014 0.44999 0.63776 0.21777 0.82387 0.13241 0.99762 0.65157 0.93174 0.13217 0.15406 0.46942 0.30164 0.9863 0.054119 0.25354 0.58336 0.66659 0.32305 0.22528 0.03949 0.13621 0.25828 0.79626 0.2461 0.88937 0.70278 0.060925 0.17054 0.03837 0.92998 0.97414 0.34934 0.16246 0.10041 0.71601 0.16798 0.058927 0.90346 0.20013 0.13291 0.33896 0.815 0.48601 0.3801 0.59509 0.33122 0.39763 0.86332 0.98067 0.4255
