data/NoiseGrid.txt
ncols         200
nrows         200
xllcorner     50.000000
yllcorner     50.000000
cellsize      100
NODATA_value  -9999
[rows 90 to 119 of 200, columns 67 to 133 of 200]
0.082668 0.37201 0.41904 0.13146 0.48273 0.2282 0.50946 0.80232 0.61251 0.10585 0.6803 0.44915 0.1941 0.94914 0.6526 0.046844 0.92284 0.40514 0.42204 0.78503 0.3634 0.27244 0.28141 0.8723 0.61808 0.69159 0.2316 0.056844 0.95562 0.76299 0.019102 0.38872 0.6074 0.78962 0.079179 0.27195 0.20859 0.9154 0.95999 0.60727 0.50415 0.047077 0.15356 0.95146 0.83251 0.86032 0.22155 0.89607 0.24937 0.86442 0.26022 0.79922 0.55863 0.9256 0.77071 0.10196 0.23707 0.87023 0.64716 0.1262 0.64937 0.72408 0.63214 0.81025 0.4856 0.073882 0.87506
0.42743 0.12059 0.84172 0.32331 0.7008 0.81683 0.36671 0.37376 0.86342 0.77449 0.18126 0.93763 0.21459 0.82804 0.56577 0.85479 0.024415 0.55149 0.7591 0.16913 0.084294 0.97608 0.12913 0.24451 0.62052 0.17047 0.95384 0.78439 0.47933 0.28166 0.037346 0.78679 0.24425 0.072443 0.18806 0.36331 0.1874 0.91654 0.36635 0.61505 0.21033 0.68652 0.61841 0.17544 0.84306 0.32648 0.92459 0.61049 0.32731 0.86215 0.093648 0.31304 0.28016 0.28196 0.043444 0.71097 0.32342 0.20479 0.7156 0.80067 0.33724 0.18835 0.63338 0.16987 0.53012 0.41919 0.85583
0.52986 0.56055 0.062758 0.9828 0.38736 0.93037 0.99708 0.94264 0.82027 0.4173 0.84406 0.14613 0.7403 0.15825 0.07713 0.21841 0.69898 0.47376 0.97806 0.14692 0.97489 0.19965 0.42516 0.97155 0.70846 0.3668 0.67396 0.42072 0.14384 0.86047 0.44478 0.33186 0.45261 0.68236 0.082671 0.22612 0.78938 0.82844 0.90859 0.073413 0.98107 0.3506 0.59812 0.22968 0.85535 0.57118 0.90171 0.19715 0.73746 0.55007 0.69628 0.79183 0.40754 0.34573 0.33437 0.63435 0.73994 0.054341 0.62024 0.7941 0.6921 0.21566 0.37607 0.975 0.83946 0.62468 0.27914
0.38862 0.13269 0.79799 0.447 0.11147 0.80829 0.34206 0.86704 0.69085 0.74129 0.066099 0.7006 0.84036 0.5548 0.039191 0.3688 0.99741 0.24928 0.84991 0.20243 0.18644 0.24949 0.75967 0.51498 0.55287 0.9349 0.34417 0.9835 0.99746 0.38269 0.65476 0.09668 0.66427 0.4829 0.28432 0.3106 0.18494 0.72489 0.26452 0.081688 0.70466 0.096477 0.31159 0.72163 0.27101 0.61913 0.94561 0.67685 0.65465 0.04132 0.20642 0.28466 0.44063 0.66559 0.72391 0.49528 0.051028 0.34664 0.096549 0.99022 0.81792 0.15263 0.99187 0.94417 0.30535 0.51886 0.37124
0.56728 0.91485 0.71483 0.84287 0.53055 0.9454 0.89221 0.98587 0.68304 0.57413 0.87714 0.14972 0.40339 0.14764 0.52373 0.078107 0.30945 0.038537 0.95214 0.85282 0.49199 0.30152 0.55542 0.25563 0.82062 0.67785 0.54673 0.49167 0.36825 0.3986 0.75458 0.5753 0.10162 0.51257 0.57096 0.36707 0.90518 0.49919 0.5607 0.88651 0.15502 0.15077 0.1319 0.36431 0.50803 0.27449 0.0087041 0.072531 0.16457 0.70953 0.44386 0.93836 0.88487 0.74026 0.88742 0.81848 0.45593 0.011609 0.74875 0.017261 0.56071 0.24955 0.50867 0.30661 0.30961 0.11304 0.88456
0.10933 0.15832 0.40185 0.55151 0.01288 0.21865 0.012362 0.8968 0.48 0.66899 0.39209 0.97789 0.65458 0.17473 0.56881 0.35112 0.32006 0.50761 0.4786 0.88198 0.83094 0.93956 0.61823 0.69813 0.58953 0.13632 0.67723 0.82339 0.84674 0.20743 0.34235 0.55659 0.77284 0.5161 0.86948 0.64811 0.080893 0.26133 0.13686 0.28858 0.59803 0.7829 0.93294 0.85777 0.15692 0.67646 0.90308 0.36201 0.2253 0.24736 0.48311 0.35793 0.78176 0.71288 0.020049 0.084724 0.26306 0.069686 0.42701 0.28752 0.35073 0.75166 0.20854 0.82962 0.136 0.35791 0.33785
0.6162 0.20884 0.86246 0.58992 0.028712 0.17909 0.40107 0.99804 0.021639 0.34091 0.53299 0.55244 0.67691 0.33474 0.51653 0.77057 0.1879 0.54629 0.56803 0.22828 0.26778 0.24015 0.056355 0.64549 0.035611 0.21731 0.47666 0.66981 0.12607 0.3731 0.55744 0.34661 0.44205 0.51359 0.4092 0.79037 0.36139 0.15592 0.83265 0.7403 0.57958 0.14961 0.82143 0.10143 0.79863 0.88732 0.95733 0.54715 0.70171 0.52464 0.34615 0.47583 0.41489 0.10601 0.4477 0.20282 0.67614 0.87528 0.92875 0.32479 0.17683 0.98446 0.45983 0.69728 0.33442 0.5805 0.073681
0.29384 0.27701 0.69344 0.40662 0.19443 0.53854 0.031565 0.3878 0.20721 0.98096 0.73982 0.89193 0.79025 0.8862 0.61649 0.55301 0.57296 0.29893 0.19713 0.78367 0.56821 0.81683 0.63151 0.32657 0.95176 0.76622 0.6418 0.83242 0.84745 0.86431 0.25089 0.51507 0.15352 0.34149 0.51637 0.90667 0.57686 0.42693 0.984 0.33724 0.068764 0.70252 0.36713 0.62796 0.3879 0.60642 0.95879 0.33517 0.89907 0.85942 0.57406 0.8689 0.85269 0.95818 0.48012 0.56452 0.38282 0.8953 0.39765 0.78294 0.2966 0.85997 0.68561 0.79121 0.53363 0.75927 0.093852
0.9329 0.60305 0.11293 0.32138 0.12239 0.39256 0.80681 0.55627 0.50322 0.63153 0.43437 0.85008 0.36325 0.57098 0.30595 0.63054 0.14086 0.85948 0.68546 0.59921 0.70844 0.20737 0.001796 0.54364 0.17472 0.28613 0.97797 0.17394 0.81681 0.85269 0.52578 0.087191 0.0046462 0.54462 0.94277 0.02704 0.87208 0.62341 0.24276 0.57701 0.58791 0.3812 0.87228 0.60043 0.96592 0.77991 0.22723 0.77291 0.89771 0.62757 0.058711 0.29491 0.78054 0.56136 0.093691 0.97763 0.30006 0.37605 0.22068 0.15974 0.91237 0.66186 0.96078 0.20683 0.50584 0.19129 0.33368
0.74396 0.36176 0.26082 0.13198 0.62768 0.27989 0.81894 0.74284 0.66279 0.084311 0.55256 0.097248 0.12401 0.006751 0.55775 0.49114 0.19629 0.60651 0.44762 0.25306 0.14648 0.053657 0.70342 0.99508 0.36092 0.41131 0.088777 0.34232 0.95514 0.10472 0.17111 0.5825 0.42157 0.12512 0.18615 0.29709 0.1816 0.35203 0.60113 0.75085 0.5459 0.29511 0.86741 0.98814 0.97169 0.93541 0.81165 0.72941 0.97148 0.22148 0.71026 0.34035 0.41274 0.091141 0.42158 0.40161 0.11883 0.52173 0.78757 0.32278 0.66316 0.55062 0.77352 0.29213 0.16111 0.16115 0.13158
0.67989 0.0023615 0.68266 0.48258 0.43352 0.50285 0.31533 0.35255 0.86176 0.11225 0.090131 0.80665 0.69372 0.69117 0.11299 0.15479 0.94684 0.1783 0.3534 0.69407 0.082279 0.14422 0.42668 0.39998 0.22917 0.054004 0.858 0.21876 0.64872 0.13209 0.59459 0.93535 0.21356 0.74895 0.74971 0.62257 0.95913 0.1065 0.7591 0.68016 0.58961 0.78315 0.57588 0.64509 0.37738 0.09752 0.36351 0.56644 0.54585 0.44412 0.93377 0.37999 0.1473 0.54049 0.40323 0.012207 0.87414 0.61092 0.89866 0.2957 0.41231 0.12046 0.76023 0.071155 0.60019 0.24463 0.20576
0.28729 0.21994 0.91226 0.38407 0.97987 0.16813 0.68662 0.85268 0.59596 0.34882 0.58637 0.74222 0.90644 0.68534 0.088369 0.56338 0.88261 0.43196 0.27588 0.98 0.6169 0.57418 0.9572 0.66007 0.64573 0.30926 0.99584 0.90181 0.10584 0.80591 0.2961 0.026283 0.16778 0.31688 0.71004 0.049713 0.7678 0.91706 0.70616 0.94428 0.39191 0.99672 0.40989 0.39651 0.23815 0.42221 0.32954 0.15118 0.35759 0.54934 0.30254 0.10321 0.70705 0.47275 0.95531 0.11147 0.60212 0.031624 0.92869 0.75264 0.9719 0.28999 0.2177 0.64562 0.44238 0.59232 0.010132
0.49941 0.52236 0.89849 0.87486 0.88808 0.1301 0.60388 0.32186 0.48162 0.88639 0.020647 0.6804 0.67716 0.73743 0.3607 0.38441 0.58043 0.25444 0.48307 0.64094 0.56809 0.55988 0.31536 0.57775 0.3598 0.019257 0.26561 0.035188 0.39905 0.85719 0.82032 0.94107 0.9787 0.43633 0.0085531 0.16563 0.58199 0.7083 0.13139 0.894 0.99699 0.042177 0.3182 0.98341 0.037478 0.56879 0.52128 0.42829 0.36019 0.23717 0.78041 0.57808 0.15734 0.14793 0.86441 0.83509 0.61301 0.98038 0.26933 0.41317 0.68197 0.15301 0.50133 0.045286 0.55618 0.80001 0.071674
0.44361 0.33895 0.52335 0.31345 0.74225 0.71983 0.40555 0.52524 0.99185 0.7093 0.90121 0.23386 0.99833 0.62535 0.9933 0.90654 0.20301 0.6397 0.29266 0.29762 0.2178 0.93617 0.5493 0.53693 0.44867 0.66436 0.67994 0.92071 0.86683 0.56437 0.34307 0.61477 0.89089 0.24347 0.4775 0.48172 0.54366 0.56022 0.34531 0.89687 0.60083 0.82764 0.23589 0.7541 0.50883 0.59384 0.33663 0.96753 0.44576 0.36281 0.59165 0.90076 0.0092864 0.96687 0.73263 0.49039 0.44433 0.6829 0.22166 0.040073 0.36226 0.19824 0.20696 0.27814 0.56385 0.56585 0.242
0.48252 0.48269 0.448 0.65307 0.35677 0.82961 0.5014 0.97489 0.51147 0.23372 0.46906 0.79731 0.086943 0.78116 0.092829 0.042622 0.30903 0.77299 0.40709 0.28074 0.76944 0.57352 0.55948 0.024108 0.4273 0.85268 0.36136 0.96317 0.87453 0.33595 0.9813 0.30137 0.34954 0.18381 0.20655 0.74972 0.36084 0.37635 0.86057 0.1507 0.11399 0.84013 0.13567 0.081168 0.38772 0.057372 0.15143 0.22091 0.90758 0.19296 0.43318 0.80937 0.47864 0.57383 0.59631 0.88668 0.66479 0.71318 0.61301 0.84505 0.12855 0.86489 0.064186 0.059911 0.61259 0.42892 0.2987
0.98139 0.53011 0.14171 0.81192 0.32675 0.44653 0.19636 0.1247 0.88276 0.26796 0.029427 0.45341 0.69777 0.36341 0.81608 0.59449 0.32049 0.15623 0.94492 0.52436 0.40812 0.4886 0.23639 0.75771 0.090471 0.7114 0.67194 0.86463 0.090957 0.26366 0.32695 0.060062 0.44435 0.82054 0.37346 0.22258 0.63167 0.36701 0.10477 0.49938 0.67243 0.59801 0.036529 0.17723 0.21271 0.39658 0.47118 0.26838 0.97968 0.5388 0.55668 0.72406 0.025427 0.33912 0.34974 0.90514 0.36587 0.28033 0.62316 0.93 0.19166 0.78336 0.45945 0.85717 0.038461 0.10638 0.32588
0.4996 0.014288 0.83726 0.81565 0.5614 0.25421 0.24817 0.71755 0.73611 0.67642 0.028003 0.73931 0.10208 0.8462 0.79748 0.68464 0.90262 0.2637 0.61764 0.12501 0.45724 0.091328 0.30051 0.43949 0.67724 0.037947 0.55925 0.33616 0.48888 0.56441 0.46967 0.054055 0.71331 0.45881 0.45678 0.024908 0.65017 0.92389 0.78577 0.95382 0.19357 0.38208 0.17949 0.0029415 0.96598 0.080591 0.79556 0.60982 0.99001 0.64528 0.94126 0.22062 0.45678 0.19341 0.3992 0.44316 0.52558 0.027314 0.83536 0.50684 0.7267 0.16054 0.82327 0.94453 0.90743 0.72788 0.27172
0.36238 0.25356 0.67952 0.89322 0.14202 0.75479 0.75723 0.78612 0.31186 0.77629 0.86556 0.6191 0.98947 0.69992 0.91006 0.68246 0.073277 0.95083 0.90948 0.68727 0.033728 0.13457 0.18195 0.20191 0.65147 0.41791 0.77367 0.71508 0.98765 0.45194 0.74503 0.84283 0.058596 0.33833 0.29953 0.51382 0.27487 0.29111 0.11272 0.73925 0.92183 0.079573 0.20583 0.56893 0.15751 0.73109 0.92689 0.40554 0.36889 0.82086 0.46647 0.93598 0.25852 0.11351 0.46494 0.94509 0.28372 0.23628 0.2089 0.063417 0.54782 0.29968 0.032762 0.16944 0.47167 0.66934 0.87092
0.40949 0.7948 0.054617 0.33454 0.19474 0.25813 0.52184 0.66523 0.3601 0.76378 0.73443 0.71388 0.44514 0.91179 0.53347 0.72729 0.59385 0.62632 0.9008 0.82164 0.84007 0.014386 0.63507 0.60073 0.62029 0.31188 0.61824 0.45847 0.66712 0.84181 0.67757 0.80323 0.47814 0.98803 0.86594 0.4002 0.39235 0.68184 0.92162 0.090601 0.70986 0.68925 0.10951 0.93389 0.0067442 0.65156 0.74614 0.66585 0.62009 0.036673 0.6929 0.48782 0.15731 0.98968 0.51174 0.092132 0.074191 0.6348 0.29853 0.79123 0.99739 0.28793 0.016616 0.68082 0.27938 0.86156 0.43419
0.080858 0.53736 0.41301 0.087464 0.15416 0.43254 0.32546 0.77559 0.21673 0.20113 0.96058 0.67744 0.52515 0.50605 0.58667 0.61563 0.35491 0.336 0.88736 0.34284 0.65969 0.67718 0.15656 0.18151 0.70227 0.98417 0.23422 0.84405 0.11944 0.96946 0.95634 0.93282 0.70606 0.49872 0.41298 0.3001 0.4634 0.79737 0.6917 0.84405 0.070181 0.01074 0.020524 0.14535 0.70542 0.68682 0.33174 0.98321 0.76778 0.96231 0.6702 0.42989 0.25263 0.36696 0.02761 0.10203 0.25643 0.21682 0.90862 0.98086 0.65185 0.68611 0.22346 0.011895 0.40489 0.082811 0.60431
0.93392 0.79516 0.73732 0.53388 0.65125 0.96966 0.022142 0.84321 0.95416 0.38584 0.65596 0.98198 0.079055 0.86954 0.78361 0.076669 0.43621 0.6414 0.27276 0.58106 0.51288 0.81799 0.87694 0.54675 0.92778 0.84308 0.86533 0.74492 0.034494 0.15453 0.90793 0.50763 0.94358 0.41043 0.77317 0.27474 0.19244 0.95445 0.78851 0.89853 0.38653 0.076444 0.5451 0.87153 0.84944 0.86936 0.94432 0.11682 0.82948 0.79193 0.47832 0.39759 0.6961 0.13954 0.88026 0.68911 0.019148 0.76703 0.6824 0.89549 0.23567 0.36445 0.86734 0.78513 0.98491 0.68325 0.27957
0.76392 0.48091 0.19417 0.38491 0.58096 0.84897 0.23325 0.2544 0.21948 0.64161 0.52919 0.65827 0.46923 0.35592 0.064646 0.47855 0.25968 0.52117 0.086281 0.86103 0.082381 0.80147 0.96374 0.65104 0.63579 0.5137 0.77809 0.78581 0.44857 0.97729 0.6427 0.12913 0.58159 0.81686 0.30624 0.95507 0.63659 0.56868 0.51027 0.46744 0.49682 0.98007 0.64137 0.39595 0.70637 0.29031 0.35963 0.48438 0.76135 0.31396 0.36074 0.27143 0.21006 0.17629 0.53104 0.27156 0.586 0.10279 0.99118 0.12935 0.15877 0.68857 0.79581 0.86722 0.78358 0.12164 0.33079
0.43201 0.40896 0.98334 0.36002 0.12761 0.97987 0.82176 0.90913 0.3144 0.75304 0.70219 0.77735 0.34769 0.73948 0.73859 0.10527 0.29598 0.12416 0.11519 0.063273 0.91874 0.45907 0.80599 0.10212 0.01408 0.47939 0.91792 0.80903 0.91625 0.64413 0.42461 0.8338 0.30282 0.76465 0.025085 0.7429 0.8058 0.14348 0.4168 0.46271 0.77449 0.60673 0.81232 0.65378 0.93941 0.83763 0.16444 0.09967 0.9684 0.5719 0.72969 0.92582 0.30839 0.029608 0.4348 0.76995 0.39264 0.60122 0.3148 0.20056 0.54496 0.86656 0.28596 0.85095 0.30019 0.92031 0.60851
0.1959 0.75295 0.36267 0.2573 0.74109 0.13102 0.79848 0.059338 0.71365 0.70291 0.65024 0.95685 0.84135 0.69026 0.98608 0.91588 0.02596 0.2076 0.094156 0.099295 0.79457 0.90987 0.73378 0.37635 0.21638 0.28333 0.015075 0.37282 0.36948 0.52776 0.75955 0.22072 0.8738 0.51445 0.89912 0.80365 0.54933 0.94019 0.85726 0.21562 0.55576 0.76602 0.9379 0.82895 0.15126 0.51447 0.18531 0.047575 0.45155 0.18575 0.99899 0.99447 0.89705 0.57997 0.42785 0.97817 0.62737 0.145 0.89352 0.49127 0.29385 0.0063546 0.074187 0.48195 0.97621 0.80984 0.57729
0.45763 0.82712 0.89591 0.99904 0.77468 0.63559 0.10801 0.36238 0.48467 0.83805 0.29726 0.93968 0.36848 0.12503 0.16931 0.98513 0.6348 0.030694 0.93276 0.20656 0.55485 0.61681 0.89126 0.67314 0.14642 0.31006 0.39644 0.91049 0.38204 0.018396 0.7382 0.31465 0.32744 0.81355 0.65911 0.334 0.59737 0.33108 0.6929 0.73145 0.9029 0.8868 0.66182 0.62092 0.57931 0.77437 0.87166 0.84869 0.93183 0.5832 0.85722 0.5154 0.013601 0.49612 0.80802 0.9192 0.012302 0.78248 0.43844 0.071084 0.49076 0.0061681 0.71812 0.80031 0.50182 0.95502 0.51475
0.31614 0.29395 0.94363 0.95969 0.49323 0.29667 0.75676 0.47573 0.53808 0.59728 0.69607 0.14609 0.20711 0.44792 0.24899 0.30402 0.5254 0.76199 0.22177 0.63847 0.36918 0.8431 0.50193 0.75293 0.18879 0.5089 0.36516 0.67339 0.30991 0.57852 0.99415 0.85585 0.49044 0.7585 0.62826 0.080548 0.41083 0.86369 0.37773 0.7253 0.86246 0.50613 0.88813 0.78962 0.33875 0.60451 0.5975 0.69291 0.45886 0.98396 0.45683 0.75959 0.83145 0.80589 0.33104 0.28095 0.70049 0.25538 0.41695 0.085217 0.96324 0.2919 0.72575 0.52291 0.15031 0.97186 0.88214
0.56018 0.48275 0.39715 0.8976 0.7172 0.34754 0.99463 0.60733 0.74169 0.60679 0.88722 0.94674 0.26587 0.27335 0.89911 0.91175 0.76183 0.79919 0.05451 0.42323 0.94911 0.94191 0.89339 0.89363 0.9502 0.92716 0.13181 0.88139 0.56416 0.97937 0.1314 0.66476 0.21053 0.049549 0.37011 0.44193 0.18318 0.27699 0.96816 0.78218 0.14809 0.81758 0.01741 0.92179 0.28761 0.98747 0.43543 0.98991 0.79655 0.063808 0.79516 0.16407 0.45149 0.91477 0.0052796 0.40191 0.25197 0.58632 0.46202 0.59994 0.21049 0.95148 0.95852 0.0096279 0.59572 0.24982 0.29037
0.19023 0.50058 0.82356 0.80884 0.15639 0.28897 0.9896 0.96779 0.055115 0.37164 0.52693 0.55255 0.73771 0.74745 0.20172 0.11449 0.66012 0.79335 0.89069 0.20377 0.88558 0.65572 0.53957 0.48402 0.80826 0.4788 0.25786 0.018784 0.37327 0.87146 0.030822 0.37662 0.5337 0.985 0.68033 0.69879 0.39344 0.67269 0.96599 0.14374 0.65727 0.26255 0.89333 0.7217 0.10962 0.14463 0.8604 0.99893 0.14329 0.72178 0.97711 0.72054 0.43086 0.15376 0.59622 0.98922 0.1073 0.61486 0.99137 0.65896 0.60991 0.75938 0.21411 0.20026 0.49349 0.91361 0.79236
0.98344 0.59183 0.07217 0.34596 0.01432 0.95804 0.88135 0.34345 0.72981 0.61476 0.063954 0.15046 0.54888 0.66826 0.89993 0.24318 0.82785 0.088038 0.42521 0.28619 0.33694 0.85472 0.077792 0.35295 0.78603 0.53432 0.34236 0.10733 0.4408 0.1875 0.60334 0.032334 0.67728 0.63546 0.85852 0.85485 0.22933 0.37474 0.26391 0.3992 0.5988 0.82064 0.23137 0.98277 0.84516 0.56846 0.60416 0.69067 0.25949 0.45895 0.93877 0.37678 0.56981 0.69973 0.20668 0.92922 0.85737 0.97249 0.96586 0.29124 0.13542 0.57828 0.33532 0.39597 0.61399 0.79528 0.29845
0.021942 0.07989 0.74592 0.7895 0.59462 0.063186 0.60301 0.42939 0.091945 0.733 0.38642 0.34179 0.59241 0.70676 0.54641 0.65485 0.83365 0.93419 0.55429 0.96826 0.23722 0.51932 0.60783 0.36426 0.89735 0.71982 0.36336 0.055219 0.33732 0.87508 0.29852 0.97512 0.54633 0.33757 0.56357 0.28002 0.72257 0.10628 0.9981 0.080965 0.47304 0.78531 0.78673 0.47307 0.25296 0.7385 0.74383 0.7393 0.8316 0.24657 0.60713 0.78064 0.95265 0.43983 0.32101 0.14823 0.25487 0.99521 0.46257 0.60182 0.014701 0.16695 0.0939 0.0837 0.85105 0.44905 0.02042
